{
  "nbformat": 4,
  "nbformat_minor": 0,
  "metadata": {
    "colab": {
      "provenance": [],
      "authorship_tag": "ABX9TyNb6vKpC2pJedBRsSYjmfLK",
      "include_colab_link": true
    },
    "kernelspec": {
      "name": "python3",
      "display_name": "Python 3"
    },
    "language_info": {
      "name": "python"
    }
  },
  "cells": [
    {
      "cell_type": "markdown",
      "metadata": {
        "id": "view-in-github",
        "colab_type": "text"
      },
      "source": [
        "<a href=\"https://colab.research.google.com/github/CaspianH-2025/data-science-toolkit/blob/main/Tutorial_03.ipynb\" target=\"_parent\"><img src=\"https://colab.research.google.com/assets/colab-badge.svg\" alt=\"Open In Colab\"/></a>"
      ]
    },
    {
      "cell_type": "code",
      "execution_count": 1,
      "metadata": {
        "id": "1kB59leX-cf_"
      },
      "outputs": [],
      "source": [
        "import numpy as np"
      ]
    },
    {
      "cell_type": "code",
      "source": [
        "arr_2x2 = np.array([[1, 2], [3, 4]])\n",
        "print(arr_2x2)"
      ],
      "metadata": {
        "colab": {
          "base_uri": "https://localhost:8080/"
        },
        "id": "JciRzOoy99IT",
        "outputId": "9925d646-365b-4a4b-da85-3c58ae689a15"
      },
      "execution_count": 4,
      "outputs": [
        {
          "output_type": "stream",
          "name": "stdout",
          "text": [
            "[[1 2]\n",
            " [3 4]]\n"
          ]
        }
      ]
    },
    {
      "cell_type": "code",
      "source": [
        "rand_3x4 = np.random.rand(3, 4)\n",
        "print(rand_3x4)"
      ],
      "metadata": {
        "colab": {
          "base_uri": "https://localhost:8080/"
        },
        "id": "84WKwyk2RDW1",
        "outputId": "e4f43655-0255-498b-b813-69b28d981904"
      },
      "execution_count": 5,
      "outputs": [
        {
          "output_type": "stream",
          "name": "stdout",
          "text": [
            "[[0.56302026 0.50233002 0.83335779 0.74446042]\n",
            " [0.57926326 0.1099911  0.4856864  0.23010631]\n",
            " [0.62117772 0.06549049 0.49078248 0.42394911]]\n"
          ]
        }
      ]
    },
    {
      "cell_type": "code",
      "source": [
        "ones_4 = np.ones((2, 3))\n",
        "zeros_4 = np.zeros((3, 2))\n",
        "print(ones_4)\n",
        "print(zeros_4)"
      ],
      "metadata": {
        "colab": {
          "base_uri": "https://localhost:8080/"
        },
        "id": "yrXaD75vRYfI",
        "outputId": "5d2bde73-7eb0-4741-910d-eb59ef04d52b"
      },
      "execution_count": 6,
      "outputs": [
        {
          "output_type": "stream",
          "name": "stdout",
          "text": [
            "[[1. 1. 1.]\n",
            " [1. 1. 1.]]\n",
            "[[0. 0.]\n",
            " [0. 0.]\n",
            " [0. 0.]]\n"
          ]
        }
      ]
    },
    {
      "cell_type": "code",
      "source": [
        "rand_6x3 = np.random.rand(6, 3)\n",
        "transposed = rand_6x3.T\n",
        "print(rand_6x3)\n",
        "print(transposed)"
      ],
      "metadata": {
        "colab": {
          "base_uri": "https://localhost:8080/"
        },
        "id": "kgFTagTERi-M",
        "outputId": "073d0417-53ae-44d3-fff8-d792d6585703"
      },
      "execution_count": 7,
      "outputs": [
        {
          "output_type": "stream",
          "name": "stdout",
          "text": [
            "[[0.15801739 0.01004035 0.58021151]\n",
            " [0.44648475 0.43019102 0.47457257]\n",
            " [0.10931839 0.55025786 0.48091064]\n",
            " [0.87240599 0.34703401 0.80058446]\n",
            " [0.46848769 0.491069   0.0938988 ]\n",
            " [0.45467888 0.16961185 0.86591654]]\n",
            "[[0.15801739 0.44648475 0.10931839 0.87240599 0.46848769 0.45467888]\n",
            " [0.01004035 0.43019102 0.55025786 0.34703401 0.491069   0.16961185]\n",
            " [0.58021151 0.47457257 0.48091064 0.80058446 0.0938988  0.86591654]]\n"
          ]
        }
      ]
    },
    {
      "cell_type": "code",
      "source": [
        "n, p, m = 2, 3, 4\n",
        "A = np.random.rand(n, p)\n",
        "B = np.random.rand(p, m)\n",
        "dot_product = A @ B\n",
        "print(A)\n",
        "print(B)\n",
        "print(dot_product)"
      ],
      "metadata": {
        "colab": {
          "base_uri": "https://localhost:8080/"
        },
        "id": "DjWlaaT_R0hh",
        "outputId": "17d290a5-83ea-40df-9e94-7284e8070b66"
      },
      "execution_count": 8,
      "outputs": [
        {
          "output_type": "stream",
          "name": "stdout",
          "text": [
            "[[0.60482655 0.20071766 0.88639767]\n",
            " [0.01379711 0.31539542 0.0829885 ]]\n",
            "[[0.41061107 0.6719358  0.65518952 0.92048761]\n",
            " [0.71318366 0.14195445 0.90566807 0.73781749]\n",
            " [0.09950521 0.44201229 0.27018868 0.8287814 ]]\n",
            "[[0.47969821 0.82669604 0.81755421 1.43945825]\n",
            " [0.23885789 0.09072449 0.31710583 0.31418365]]\n"
          ]
        }
      ]
    }
  ]
}